%YAML:1.0
calibration_Time: "Tue Aug 28 22:12:16 2018"
nrOfFrames: 25
image_width: 640
image_height: 480
board_width: 9
board_height: 6
square_size: 25.
FixAspectRatio: 1.
# flags:  +fix_aspectRatio +fix_principal_point +zero_tangent_dist
flagValue: 14
camera_matrix: !!opencv-matrix
   rows: 3
   cols: 3
   dt: d
   data: [ 6.4024503110605917e+02, 0., 3.1950000000000000e+02, 0.,
       6.4024503110605917e+02, 2.3950000000000000e+02, 0., 0., 1. ]
distortion_coefficients: !!opencv-matrix
   rows: 5
   cols: 1
   dt: d
   data: [ 1.4474705879905284e-01, -2.9777668307182570e-01, 0., 0.,
       6.0927498114664658e-01 ]
Avg_Reprojection_Error: 2.1810657210062637e-01
Per_View_Reprojection_Errors: !!opencv-matrix
   rows: 25
   cols: 1
   dt: f
   data: [ 1.60798296e-01, 1.64240792e-01, 1.58175126e-01,
       1.67033896e-01, 1.75876483e-01, 1.74088374e-01, 1.77134573e-01,
       2.30794325e-01, 2.21666232e-01, 4.16141748e-01, 4.05465901e-01,
       3.07058364e-01, 2.55106419e-01, 1.61575764e-01, 1.82400107e-01,
       1.95464328e-01, 1.96905702e-01, 1.43859208e-01, 2.17559040e-01,
       2.04936936e-01, 1.67370021e-01, 1.78805456e-01, 1.62846699e-01,
       1.68423772e-01, 1.74073458e-01 ]
# a set of 6-tuples (rotation vector + translation vector) for each view
Extrinsic_Parameters: !!opencv-matrix
   rows: 25
   cols: 6
   dt: d
   data: [ -3.5279548355251455e-01, -2.9459933331555405e-01,
       3.1022694990781376e+00, 1.9405977749163034e+02,
       7.7399449061287882e+01, 5.6582788181538899e+02,
       -3.5444186865220528e-01, -2.8770030355288873e-01,
       3.0878875584462993e+00, 1.9146822143452718e+02,
       7.3780321126593606e+01, 5.6633102959983762e+02,
       -3.4880451759524556e-01, -2.8206519387258028e-01,
       3.0961596400356455e+00, 1.9150667609229637e+02,
       7.4660542223395467e+01, 5.6527020295159707e+02,
       -3.2865164458152862e-01, -2.9828564379268752e-01,
       3.0975807786097915e+00, 1.9020986258734607e+02,
       7.4895613626464254e+01, 5.6230873576530303e+02,
       -3.0665331132854384e-01, -2.9118838580315770e-01,
       3.1045452894656278e+00, 1.8435702943543168e+02,
       7.4682233004114082e+01, 5.6139741666273642e+02,
       -2.9061255055579882e-01, -2.9167746953092188e-01,
       3.1061627154555120e+00, 1.7963350214024410e+02,
       7.4269239206047232e+01, 5.6029918713820894e+02,
       -2.6721903893938820e-01, -3.0938338363272810e-01,
       3.1043035386984466e+00, 1.7165394099230741e+02,
       7.4221318741035518e+01, 5.5623702376715380e+02,
       2.3915194940674103e-01, 3.1764264391478308e-01,
       -3.1141899130323876e+00, 1.5698054420587601e+02,
       7.8230999110029913e+01, 5.4984968325124669e+02,
       2.0886011104442354e-01, 3.1165461929371419e-01,
       -3.1119166266377265e+00, 1.4205131001135129e+02,
       8.0861455135152653e+01, 5.4451152938769724e+02,
       1.8876217570749274e-01, 3.0791565158934048e-01,
       -3.0930272218226915e+00, 1.1912353934315827e+02,
       8.3409760535951719e+01, 5.4071681509207190e+02,
       1.2134880237973950e-01, 2.5798354361124770e-01,
       -3.0926291580180298e+00, 8.3995058326746118e+01,
       8.4198232687318580e+01, 5.3222838236155053e+02,
       1.5718011476697316e-01, 2.7057093525919834e-01,
       -3.0993033366243923e+00, 6.9412582632038578e+01,
       8.3373735159072183e+01, 5.3453963559747649e+02,
       2.8477302918128661e-01, 3.1192173571433968e-01,
       -3.0793772734421681e+00, 5.4731737026474633e+01,
       8.2152508639223655e+01, 5.4643523760407004e+02,
       -5.0332462202098271e-01, -3.4124796900422899e-01,
       3.0568721909479417e+00, 3.8175357693801189e+01,
       6.9713231366223823e+01, 5.6418628572308239e+02,
       -5.7171153300071686e-01, -2.9287697862356021e-01,
       3.0609691465219999e+00, 3.7217651939176939e+01,
       7.1505142069538493e+01, 5.7467372205889819e+02,
       -6.2518197628302496e-01, -3.1519921275005153e-01,
       3.0364434108529608e+00, 3.7358820451853489e+01,
       6.9916886522814252e+01, 5.7872696867995512e+02,
       -4.4537150202595110e-01, -2.7900763853289806e-01,
       3.0939487848377940e+00, 4.6893488333976727e+01,
       7.2242026259549775e+01, 5.6612346994425218e+02,
       1.8670000190448729e-01, 2.1932331921924422e-01,
       -3.1159152139855202e+00, 5.6209946135830279e+01,
       7.0399123381888472e+01, 5.5284153959717798e+02,
       6.5811586167758188e-02, 2.4664856776121427e-01,
       -3.0966683954678160e+00, 1.4987209427323771e+02,
       7.0017988792912220e+01, 5.5997823689162885e+02,
       1.4760587248873067e-01, 4.1734438262158252e-01,
       -3.0789915591577373e+00, 1.5333434234099997e+02,
       7.6308512462760902e+01, 5.4693504530033340e+02,
       1.7257533362553601e-01, 4.4358549242211348e-01,
       -3.0732477622596579e+00, 1.5195647111209837e+02,
       8.1340915955952184e+01, 5.3752042592736677e+02,
       1.7720561554542683e-01, 4.5198716346051054e-01,
       -3.0772090938592322e+00, 1.5036138056279785e+02,
       8.0690874746889847e+01, 5.3605945556019924e+02,
       1.7353636674320436e-01, 5.2164826517919649e-01,
       -3.0827843985180272e+00, 1.4928066181391026e+02,
       7.0416838610626186e+01, 5.4804937337966271e+02,
       -1.9098019371239400e-01, -5.4565363406875045e-01,
       3.0720221085002217e+00, 1.4639381543891952e+02,
       5.4029284338890434e+01, 5.6974210739021873e+02,
       -2.1692747679441399e-01, -4.8442073496394300e-01,
       3.0933561105674281e+00, 1.4851540548945485e+02,
       5.0566718332234210e+01, 5.8870579344812438e+02 ]
