%YAML:1.0
calibration_time: "Sat Jul 26 10:08:20 2014"
nframes: 10
image_width: 640
image_height: 480
board_width: 9
board_height: 6
square_size: 2.5000000372529030e-02
flags: 0
camera_matrix: !!opencv-matrix
   rows: 3
   cols: 3
   dt: d
   data: [ 8.8619508269659752e+02, 0., 3.1950000000000000e+02, 0.,
       8.8619508269659752e+02, 2.3950000000000000e+02, 0., 0., 1. ]
distortion_coefficients: !!opencv-matrix
   rows: 5
   cols: 1
   dt: d
   data: [ -4.4717930150931770e-02, -5.3206149501712536e+00, 0., 0.,
       8.7716155929970469e+01 ]
avg_reprojection_error: 3.0738922667363405e-01
per_view_reprojection_errors: !!opencv-matrix
   rows: 10
   cols: 1
   dt: f
   data: [ 1.85661182e-01, 2.11422727e-01, 1.93759412e-01,
       1.81447417e-01, 2.05880806e-01, 4.59718376e-01, 2.50366867e-01,
       3.90384912e-01, 3.85225803e-01, 4.21942025e-01 ]
# a set of 6-tuples (rotation vector + translation vector) for each view
extrinsic_parameters: !!opencv-matrix
   rows: 10
   cols: 6
   dt: d
   data: [ 1.0292841877480544e-02, 1.5663203652722091e-01,
       6.2927421234818315e-02, -3.2037118400100907e-02,
       -1.1040348213328104e-01, 5.8901074040592427e-01,
       2.7056774137421958e-02, 1.6875095150419517e-01,
       6.0227013332094480e-02, -3.4849071344179978e-02,
       -1.0963726148486432e-01, 5.8764966439037414e-01,
       2.7753603356937939e-02, 1.8549433187419762e-01,
       3.2717319052329191e-02, -4.5789079888812013e-02,
       -1.0459121249338593e-01, 5.9456812372928125e-01,
       1.5732966920056976e-02, 1.5024357738414645e-01,
       2.2427198645413472e-02, -4.5868892349376571e-02,
       -1.0200524464744687e-01, 5.9079201442150175e-01,
       1.5717418517513506e-03, 2.4031982683366523e-02,
       1.8192777528423373e-03, -3.9057472929482785e-02,
       -9.3101743853406069e-02, 5.5858983343642510e-01,
       2.7798961716196100e-03, -1.8078997635612429e-01,
       1.7419270851687083e-03, 1.0209565961586089e-02,
       -9.5552917866039686e-02, 5.0616112669251900e-01,
       8.7211067577523574e-02, 2.5023072937909613e-01,
       1.0031047903891447e-02, -3.0300246852476759e-02,
       -8.2287222383892258e-02, 5.8590357253597247e-01,
       9.6568411497531481e-02, 4.6069068670588231e-01,
       2.2841049600630201e-02, -3.6189208928448470e-03,
       -8.5149170257086154e-02, 6.3386976297971565e-01,
       1.0312217153569150e-01, 4.6637957286783344e-01,
       2.3967909235698210e-02, -7.1954594636101108e-04,
       -8.3985670587955183e-02, 6.3355706432048176e-01,
       1.3152691282542728e-01, 4.9392332307244630e-01,
       2.4045501440165359e-02, 1.7996721908070386e-03,
       -8.3494765034413970e-02, 6.3128059967161299e-01 ]
image_points: !!opencv-matrix
   rows: 10
   cols: 54
   dt: "2f"
   data: [ 2.73086884e+02, 8.23464355e+01, 3.03263336e+02,
       8.35390167e+01, 3.34220123e+02, 8.46729813e+01, 3.65442230e+02,
       8.57991638e+01, 3.97263092e+02, 8.71189346e+01, 4.29049347e+02,
       8.82465363e+01, 4.61535797e+02, 8.93063965e+01, 4.94102448e+02,
       9.04871902e+01, 5.27346313e+02, 9.16311188e+01, 2.71855713e+02,
       1.13847969e+02, 3.02196472e+02, 1.15262245e+02, 3.32654449e+02,
       1.16599060e+02, 3.63769653e+02, 1.17778305e+02, 3.95195312e+02,
       1.19231773e+02, 4.26972443e+02, 1.20459373e+02, 4.59383942e+02,
       1.21712471e+02, 4.91835449e+02, 1.23106873e+02, 5.25033325e+02,
       1.24545959e+02, 2.70250122e+02, 1.44974045e+02, 3.00393921e+02,
       1.46496048e+02, 3.30758759e+02, 1.47946213e+02, 3.61639435e+02,
       1.49404205e+02, 3.93095917e+02, 1.50902969e+02, 4.24810883e+02,
       1.52501587e+02, 4.57167419e+02, 1.54009888e+02, 4.89666138e+02,
       1.55509781e+02, 5.22758911e+02, 1.57036560e+02, 2.68223877e+02,
       1.75760010e+02, 2.98403137e+02, 1.77423843e+02, 3.28691925e+02,
       1.79250870e+02, 3.59731842e+02, 1.80769363e+02, 3.91081604e+02,
       1.82520279e+02, 4.22722565e+02, 1.84345001e+02, 4.55051727e+02,
       1.86104950e+02, 4.87578888e+02, 1.87676270e+02, 5.20659180e+02,
       1.89508255e+02, 2.66334045e+02, 2.06371597e+02, 2.96373352e+02,
       2.08200455e+02, 3.26780548e+02, 2.10159149e+02, 3.57707916e+02,
       2.12068756e+02, 3.88911591e+02, 2.13899109e+02, 4.20658691e+02,
       2.15982544e+02, 4.52835083e+02, 2.17710037e+02, 4.85505524e+02,
       2.19766785e+02, 5.18612061e+02, 2.21735153e+02, 2.64309265e+02,
       2.36966980e+02, 2.94417053e+02, 2.39112961e+02, 3.24712585e+02,
       2.41214951e+02, 3.55624084e+02, 2.43325104e+02, 3.86880341e+02,
       2.45468796e+02, 4.18556885e+02, 2.47590408e+02, 4.50769806e+02,
       2.49777069e+02, 4.83436707e+02, 2.51832428e+02, 5.16437134e+02,
       2.54150238e+02, 2.69677277e+02, 8.28990021e+01, 2.99765442e+02,
       8.40326385e+01, 3.30709290e+02, 8.50736465e+01, 3.61984222e+02,
       8.61443100e+01, 3.93885284e+02, 8.72897720e+01, 4.25832367e+02,
       8.82973785e+01, 4.58508942e+02, 8.92717972e+01, 4.91294434e+02,
       9.03656845e+01, 5.24780823e+02, 9.14514389e+01, 2.68565155e+02,
       1.14515007e+02, 2.98802429e+02, 1.15851707e+02, 3.29249664e+02,
       1.17231209e+02, 3.60403137e+02, 1.18226791e+02, 3.91858582e+02,
       1.19510643e+02, 4.23759033e+02, 1.20721695e+02, 4.56332672e+02,
       1.22074638e+02, 4.88905945e+02, 1.23213051e+02, 5.22246155e+02,
       1.24578323e+02, 2.67110413e+02, 1.45774033e+02, 2.97164734e+02,
       1.47336456e+02, 3.27526428e+02, 1.48646011e+02, 3.58462738e+02,
       1.50132446e+02, 3.89841125e+02, 1.51496460e+02, 4.21608917e+02,
       1.53033218e+02, 4.54024475e+02, 1.54406815e+02, 4.86673920e+02,
       1.55925247e+02, 5.19849182e+02, 1.57309006e+02, 2.65159729e+02,
       1.76723190e+02, 2.95238983e+02, 1.78363449e+02, 3.25511658e+02,
       1.80074341e+02, 3.56552582e+02, 1.81602478e+02, 3.87842163e+02,
       1.83313583e+02, 4.19583649e+02, 1.84953842e+02, 4.51867523e+02,
       1.86668884e+02, 4.84499756e+02, 1.88234436e+02, 5.17723389e+02,
       1.89991745e+02, 2.63396332e+02, 2.07409485e+02, 2.93332581e+02,
       2.09270370e+02, 3.23697418e+02, 2.11075394e+02, 3.54566864e+02,
       2.12981659e+02, 3.85789459e+02, 2.14776459e+02, 4.17514679e+02,
       2.16677399e+02, 4.49736359e+02, 2.18446457e+02, 4.82355194e+02,
       2.20372284e+02, 5.15609802e+02, 2.22346100e+02, 2.61462372e+02,
       2.38156433e+02, 2.91535156e+02, 2.40196854e+02, 3.21724823e+02,
       2.42332245e+02, 3.52595123e+02, 2.44282913e+02, 3.83720520e+02,
       2.46361099e+02, 4.15477631e+02, 2.48468048e+02, 4.47599792e+02,
       2.50575027e+02, 4.80319092e+02, 2.52568970e+02, 5.13441345e+02,
       2.54770584e+02, 2.56614746e+02, 9.08275452e+01, 2.86298431e+02,
       9.10679321e+01, 3.16636810e+02, 9.11955261e+01, 3.47524536e+02,
       9.13101730e+01, 3.79049713e+02, 9.14663544e+01, 4.10675751e+02,
       9.15463638e+01, 4.42995789e+02, 9.16085510e+01, 4.75481537e+02,
       9.17474136e+01, 5.08701843e+02, 9.18399124e+01, 2.56463867e+02,
       1.22012756e+02, 2.86291626e+02, 1.22416199e+02, 3.16347443e+02,
       1.22909439e+02, 3.47088806e+02, 1.23127869e+02, 3.78110992e+02,
       1.23449478e+02, 4.09641449e+02, 1.23794479e+02, 4.41738129e+02,
       1.24144531e+02, 4.74197327e+02, 1.24358124e+02, 5.07341736e+02,
       1.24786369e+02, 2.55918564e+02, 1.52882751e+02, 2.85601868e+02,
       1.53469864e+02, 3.15458099e+02, 1.54084259e+02, 3.45868103e+02,
       1.54494370e+02, 3.77020905e+02, 1.55163193e+02, 4.08425690e+02,
       1.55776840e+02, 4.40544342e+02, 1.56339752e+02, 4.72930176e+02,
       1.56921738e+02, 5.05922577e+02, 1.57396759e+02, 2.54931870e+02,
       1.83408630e+02, 2.84491882e+02, 1.84248566e+02, 3.14403809e+02,
       1.85122360e+02, 3.45046356e+02, 1.85776581e+02, 3.75893250e+02,
       1.86660889e+02, 4.07340118e+02, 1.87481216e+02, 4.39397217e+02,
       1.88335785e+02, 4.71707336e+02, 1.89043045e+02, 5.04701752e+02,
       1.89886627e+02, 2.54068115e+02, 2.13761353e+02, 2.83532623e+02,
       2.14746719e+02, 3.13524841e+02, 2.15742020e+02, 3.43913849e+02,
